1
6.683011943573452
3.037798268804319
4
99.3384472140537
59.10346998090763
137.7455277768671
324.0368587847574
57.67623913216347
10
65.32126001840369
12
46.24207305205807
65.07608849412082
15
89.10019380142472
70.73635279154668
18
19
321.4442587859025
84.56419862588973
22
23
51.74392179328918
227.2457699085091
26.81568776429218
86.95773804092863
121.3222553814371
299.7070911998823
163.0297161108579
478.911104872612
394.5574014659039
33
34
35
305.5672131446574
37
38
143.2289530718755
40
270.450246099456
42
127.1702744721106
69.00662949171807
219.8465439179553
52.99893344125158
47
62.74523481769913
137.0293569947559
284.394683301954
265.8365259880692
52
484.6235947145819
54
441.8743157394051
56
57
58
228.0959514045308
273.854100821557
247.5968461827778
119.373062483055
63
323.4776703992751
114.1835866461833
119.1995592527568
203.4901992191637
174.1246170756965
261.4493259077807
192.6092414816179
71
77.20950810490051
157.2716787739445
74
267.6669818825891
565.4033502824311
159.3627146251119
131.289189226537
122.9945270340805
394.6433980841961
183.6098591068346
295.9772087280958
212.0589637257579
245.4540840684106
89.99766209354422
225.2754173999178
331.6268154852521
88
93.16734148724362
124.4476949462111
129.7555571860208
195.7278263230134
116.7574874969188
94
268.5118307442668
167.6068758174729
425.5882338254601
321.2068389322628
99
100
297.1322055970961
302.7267804677114
167.2070463293607
116.082387318756
408.7100916906281
221.2563210716304
240.669822660843
147.9631254685111
334.5955590686953
144.7163656829498
111
246.047515255329
113
169.1915134682765
209.2982430281537
400.7622024009098
215.790469589344
450.705821445554
222.3321354602046
120
269.3546201663229
273.6391052029765
123
186.3247463369199
139.345092174125
153.7207662210968
229.7048882797963
188.4438359443799
453.0891421618649
164.1934651240369
381.0402998335099
138.1173873211055
371.6212079394607
221.0632954736871
370.7761712152623
470.3594832271068
614.162347528989
214.9732285412366
193.1939229212833
393.5062413679926
141
142
270.4727530676318
144
145
156.6529604179017
204.9389795086051
532.9792244745586
282.3171045875121
151.091949366204
429.1404739925601
318.8447083459533
179.6900839190869
226.9285009298219
222.1284240548667
285.6421821609031
157
608.5405538898779
278.8191316050451
428.7007359389645
161
169.9541253107512
308.5383707671321
483.4146601574984
207.6720777816042
171.4636264634
167
295.513557926589
186.9981515198143
171.9453341925071
478.8325155414133
172
173
210.8638680685433
406.5964174575465
209.239931132546
293.7219639939386
178
234.2114500813612
270.4960078179629
300.094652734452
504.1550887695661
417.3826776194279
191.444845593712
345.0863531582145
524.8801082836414
876.8991218571853
193.5592313786884
481.67399651464
397.5072446228758
287.2486480486418
239.7262264620406
282.559147749664
386.2747770398787
442.9417620925141
562.1957461457077
397.4617505206874
873.3636881465504
199
306.4737260753368
431.0051527425164
202
700.1332518599875
208.0638895383397
278.6656704133784
330.7760933198122
207
511.9179394990805
716.2873996235325
235.063678039425
219.9658746747511
231.9882421095649
424.7400570238762
260.8095213694546
311.6023430756409
343.6520461851733
416.7462645769415
423.0324045227665
447.3349035942828
268.1918210097261
390.7737676027702
374.7772030091584
536.1587364393686
391.2661958464122
330.9147296469803
264.0397488025024
227
487.1161525888346
308.1645649341444
282.8751531595452
231
265.8320328591649
471.0559522836388
394.5766039075824
401.2164757652077
365.2583530607687
510.3839890504763
378.0790157764483
276.1826546547792
291.7002021528244
241
619.0614859791053
243
396.4335588367287
381.1061188682276
246
311.6603706871338
486.3229255453792
542.691402928441
330.0670237902501
454.2065595302021
277.0878248683426
727.1794920793138
342.8728847947657
477.2787950232192
293.6923245580331
413.4570754497593
520.7235110481881
259
263.9226939761774
348.3593818265535
262
285.4223744228849
807.9781080796713
265
266
283.0857484574604
618.8366958277405
269
270
426.3315985316403
633.6721006282617
416.3563654056569
448.1468175634146
558.5954962696023
360.088266920729
790.7237526817056
278
281.0235206528639
434.4611700661289
348.1123926278507
282
284.5907881954354
295.8129392941528
349.507559431358
459.9015707538102
421.2868050729799
466.1446057609931
289
574.3196753951316
291
292
390.1440607962987
470.5091483769612
429.5812497035345
296
560.0440147893754
651.5612438719648
412.79812818872
300
469.1158847957033
428.2619042048312
303
535.9079402138126
607.5387897730384
306
514.4800841947166
308
345.1048501740592
764.9527611893171
311
447.3966990224113
345.1423576875214
385.7101303948031
315
677.306899674735
547.740397730382
350.7478966596595
319.3826960932633
334.3099480942986
