15
10
4
1
1
5
7
15
1
11
2
0
9
4
0
6
10
3
2
8
8
6
10
3
1
11
4
11
5
11
1
2
8
9
10
13
1
10
2
1
3
14
5
14
3
7
14
3
2
13
1
5
6
8
4
15
4
12
3
4
10
3
13
7
4
5
7
7
8
1
10
4
4
6
2
6
3
12
12
13
6
12
1
6
9
9
1
6
3
7
8
1
0
5
4
2
2
6
14
2
6
3
3
2
3
1
7
1
0
0
12
7
8
2
1
2
4
2
7
7
14
9
14
7
0
5
4
5
12
3
5
0
11
12
0
7
3
12
4
8
13
14
2
15
13
1
5
4
7
6
7
2
13
5
1
0
1
7
11
13
15
2
3
3
10
5
10
4
14
1
0
5
7
8
3
8
0
12
14
3
11
0
3
10
6
0
4
8
0
6
4
12
5
6
11
1
8
7
13
2
11
9
4
6
2
5
10
12
2
12
5
11
7
5
1
4
1
7
2
0
2
13
4
4
11
10
0
6
13
6
12
7
6
1
6
7
0
3
12
9
15
0
15
13
1
5
12
0
6
10
4
3
2
3
13
10
3
0
14
7
4
15
6
8
13
11
4
7
0
10
5
3
9
9
5
13
5
4
10
5
0
15
10
2
4
7
1
6
14
5
9
15
5
6
0
14
7
9
9
11
2
3
8
13
8
11
7
8
2
5
2
11
0
13
0
6
3
6
6
5
