1.000000
1.133800
1.000687
1.000000
1.679460
1.405370
2.067136
2.772441
1.423272
1.000000
1.543213
1.000000
1.977708
1.537643
1.000000
1.987840
1.321775
1.000000
1.000000
2.329324
1.212521
1.000000
1.000000
1.676681
1.971977
1.081569
1.512459
2.152975
2.680789
1.575929
3.700298
2.682015
1.000000
1.000000
1.000000
2.031306
1.000000
1.000000
1.716728
1.000000
3.868669
1.000000
1.668018
1.410687
1.634697
1.122788
1.000000
1.359640
2.067817
1.935553
2.977829
1.000000
3.646751
1.000000
2.805268
1.000000
1.000000
1.000000
2.773645
2.077982
1.691099
1.557020
1.000000
1.968200
1.614220
1.309300
1.677236
1.357322
1.635146
1.974569
1.000000
1.037478
1.377900
1.000000
1.710948
4.244245
1.601188
1.413094
1.536519
2.138098
2.125603
1.890043
2.562598
2.677255
1.146990
2.160854
2.337599
1.000000
1.058695
1.120446
1.125830
2.429024
1.215977
1.000000
1.923594
1.683373
3.554075
2.274039
1.000000
1.000000
2.662875
2.146032
1.945101
1.062232
2.108964
1.743589
1.576163
2.011913
2.348052
2.926964
1.000000
1.468698
1.000000
1.378679
2.469264
1.906886
1.568660
3.069700
2.626705
1.000000
1.501198
1.555455
1.000000
1.789788
1.142031
1.126003
1.469129
1.223040
2.512563
1.220755
2.343550
1.509782
2.393294
1.692872
2.132333
3.122398
3.479846
1.494436
2.224061
1.960867
1.000000
1.000000
1.655050
1.000000
1.000000
1.224388
1.998739
2.607169
2.054795
1.060664
1.938761
1.647412
1.423652
1.872943
1.980603
2.452507
1.000000
3.387002
1.482625
2.215086
1.000000
1.331422
1.459112
2.073759
1.875965
1.028309
1.000000
1.900379
1.409049
1.486334
2.408765
1.000000
1.000000
2.795140
2.057635
1.171340
2.245144
1.000000
1.790622
2.047418
1.465213
2.882038
1.739378
1.437932
1.825187
2.400445
4.287914
1.025857
2.423135
1.886477
1.470953
1.611875
1.539806
2.066799
2.500069
3.182464
2.381353
4.815518
1.000000
2.171546
2.086171
1.000000
2.799079
1.053472
1.624285
2.283337
1.000000
4.070222
4.230869
1.432132
1.030600
1.713866
1.897204
1.336759
2.154848
2.037505
2.668507
2.830087
2.395249
1.512679
1.852749
2.226624
2.392932
1.865930
1.543152
1.361761
1.000000
1.819988
1.989557
1.459438
1.000000
1.284303
1.956048
2.681420
2.230962
1.685018
2.836355
1.754413
1.476701
1.255942
1.000000
2.475858
1.000000
2.112764
2.022083
1.000000
1.818486
2.288779
1.923558
2.115747
2.450414
1.522663
3.450785
1.435651
3.803310
1.204176
1.954007
2.529583
1.000000
1.016908
1.351762
1.000000
1.222004
3.842280
1.000000
1.000000
1.282206
2.940383
1.000000
1.000000
2.168604
2.768973
2.055532
1.637900
1.953038
1.317314
3.023401
1.000000
1.024380
2.381090
1.370110
1.000000
1.795394
1.118129
1.378240
1.820290
1.624590
2.144077
1.000000
2.297483
1.000000
1.000000
2.321453
1.935287
2.074718
1.000000
2.023548
2.271646
2.590732
1.000000
1.820384
2.111010
1.000000
2.861463
3.508106
1.000000
2.246959
1.000000
1.736834
3.511975
1.000000
1.509010
1.698747
1.508582
1.000000
2.839109
1.908427
1.372135
1.001211
1.097347
